12
41
1 2 1 1000
1 3 15 1000
1 4 2 1000
1 5 4 1000
1 7 11 1000
1 8 9 1000
1 9 9 1000
1 10 9 1000
1 11 10 1000
2 12 2 1000
3 12 16 1000
4 12 3 1000
5 12 5 1000
7 12 12 1000
8 12 10 1000
9 12 10 1000
10 12 10 1000
11 12 11 1000
2 8 7 1000
3 8 6 1000
4 3 11 1000
4 8 6 1000
4 9 0 1000
4 11 6 1000
5 2 6 1000
5 3 14 1000
5 8 8 1000
5 11 11 1000
5 7 8 1000
7 8 5 1000
9 4 0 1000
9 8 10 1000
9 11 5 1000
10 2 0 1000
10 3 13 1000
10 4 5 1000
10 7 10 1000
10 8 7 1000
10 9 5 1000
10 11 7 1000
11 8 5 1000
9
-1
-1
-1
-1
0
-1
-1
-1
-1
-1
0